See sheets for code.

Step 1:
    1. Return true if x is even, false other wise
    2. I get all the even numbers from 1 to 10
    3. Returns a list with all the elements that match the predicate

Step 2:
    1.
        8
        6
    2. 10 is the end of the range starting from 0. It is inclusive of 0 and exclusive of 10.
    3. See sheet.
    4.
        List[Int] = List(282, 18, 531, 333, 215]
        List[Int] = List(2, 2, 4, 4, 4, 0, 4, 4, 0, 0, 3, 1, 2, 0, 1, 3, 3, 1, 0, 2, 4, 3, 1, 0, 4, 3, 2, 4, 1, 1, 3, 2, 3, 0, 1, 2, 0, 0, 2, 4, 0, 4, 0, 1, 0, 1, 0, 2, 0, 0, 2, 0, 3, 4, 2, 3, 3, 0, 1, 2, 1, 4, 3, 4, 3, 2, 4, 1, 1, 1, 0, 0, 0, 4, 1, 0, 4, 0, 1, 2, 0, 1, 2, 0, 4, 1, 2, 3, 0, 4, 3, 4, 0, 2, 3, 0, 1, 0, 1, 0, 0, 2, 3, 4, 1, 1, 3, 3, 0, 0, 0, 0, 2, 0, 0, 0, 0, 4, 3, 2, 2, 4, 1, 1, 4, 1, 1, 4, 1, 0, 1, 3, 2, 0, 1, 4, 0, 4, 2, 3, 2, 0, 2, 4, 0, 2, 3, 0, 3, 3, 3, 1, 2, 4, 2, 4, 3, 4, 1, 3, 0, 2, 4, 3, 3, 1, 0, 1, 3, 2, 4, 1, 1, 1, 0, 4, 1, 0, 4, 0, 0, 1, 3, 3, 0, 3, 0, 1, 1, 4, 1, 4, 1, 3, 3, 2, 2, 2, 2, 3, 4, 3, 0, 4, 3, 1, 4, 3, 0, 3, 3, 3, 4, 2, 3, 2, 1, 2, 2, 3, 1, 1, 4, 3, 3, 2, 4, 2, 3, 4, 4, 0, 2, 3, 4, 1, 2, 4, 1, 0, 4, 4, 0, 4, 4, 0, 2, 3, 4, 0, 4, 4, 4, 0, 3, 2, 2, 2, 4, 4, 2, 3, 0, 2, 0, 3, 1, 4, 4, 0, 0, 0, 3, 0, 1, 1, 2, 3, 3, 3, 4, 3, 0, 1, 3, 4, 4, 3, 4, 2, 1, 4, 1, 0, 4, 1, 4, 4, 2, 4, 2, 3, 4, 2, 3, 4, 3, 0, 3, 1, 0, 3, 2, 4, 4, 2, 4, 3, 3, 4, 3, 1, 4, 4, 3, 4, 4, 3, 2, 0, 4, 2, 2, 0, 3, 1, 2, 4, 0, 3, 1, 3, 0, 3, 0, 4, 0, 2, 0, 2, 0, 1, 4, 3, 3, 0, 1, 3, 4, 1, 4, 1, 3, 3, 3, 2, 0, 3, 1, 0, 4, 2, 1, 2, 1, 0, 0, 2, 2, 0, 1, 1, 1, 3, 4, 4, 1, 1, 4, 4, 4, 3, 2, 0, 3, 4, 4, 1, 2, 2, 4, 2, 4, 0, 1, 2, 2, 4, 3, 1, 0, 4, 2, 1, 3, 1, 0, 4, 2, 4, 1, 1, 3, 3, 4, 3, 0, 2, 2, 4, 2, 3, 4, 4, 2, 0, 0, 4, 1, 1, 1, 0, 0, 1, 4, 0, 0, 0, 1, 4, 1, 0, 4, 4, 3, 3, 3, 4, 3, 2, 4, 1, 4, 3, 2, 3, 2, 4, 0, 4, 0, 1, 3, 4, 3, 0, 3, 1, 0, 0, 1, 1, 2, 3, 1, 1, 0, 4, 1, 0, 2, 0, 0, 1, 4, 3, 2, 1, 0, 0, 2, 3, 0, 4, 1, 1, 2, 1, 3, 2, 1, 4, 1, 2, 3, 3, 0, 2, 1, 1, 4, 2, 4, 3, 3, 3, 1, 0, 4, 2, 4, 3, 3, 2, 4, 1, 0, 1, 4, 1, 2, 4, 1, 0, 4, 0, 1, 4, 2, 1, 2, 2, 0, 1, 1, 3, 0, 1, 0, 0, 3, 2, 3, 3, 0, 2, 4, 3, 3, 3, 1, 4, 4, 0, 4, 4, 3, 1, 3, 3, 3, 3, 0, 4, 0, 0, 1, 0, 3, 4, 2, 4, 0, 4, 1, 1, 2, 2, 2, 0, 4, 3, 1, 4, 1, 0, 3, 1, 3, 3, 4, 3, 0, 3, 0, 4, 4, 0, 4, 1, 0, 2, 2, 3, 3, 4, 1, 0, 0, 1, 3, 0, 0, 4, 1, 0, 3, 2, 3, 2, 2, 1, 2, 1, 0, 0, 2, 0, 3, 4, 1, 1, 4, 2, 3, 0, 4, 0, 2, 3, 1, 4, 0, 1, 2, 1, 1, 4, 4, 2, 3, 4, 2, 2, 4, 2, 2, 1, 0, 1, 1, 3, 1, 1, 3, 1, 3, 2, 2, 3, 0, 4, 3, 1, 3, 4, 4, 3, 3, 3, 0, 3, 1, 0, 4, 3, 1, 4, 1, 1, 3, 4, 3, 3, 3, 3, 1, 3, 2, 0, 1, 3, 1, 3, 4, 0, 2, 3, 0, 1, 2, 0, 0, 3, 4, 1, 4, 2, 1, 3, 2, 2, 1, 2, 4, 4, 2, 0, 4, 2, 1, 4, 1, 1, 4, 0, 4, 1, 0, 3, 2, 2, 3, 1, 1, 0, 2, 1, 2, 1, 0, 1, 0, 3, 1, 3, 2, 2, 2, 0, 1, 3, 3, 2, 1, 1, 1, 4, 2, 3, 4, 1, 2, 2, 3, 3, 1, 1, 3, 0, 2, 0, 0, 4, 2, 4, 0, 2, 4, 0, 1, 3, 1, 2, 1, 4, 4, 0, 1, 2, 0, 3, 2, 3, 2, 3, 3, 4, 2, 1, 0, 1, 3, 1, 0, 2, 1, 1, 2, 3, 0, 3, 2, 2, 2, 3, 1, 0, 4, 2, 1, 4, 0, 2, 4, 3, 3, 1, 2, 3, 0, 4, 1, 2, 1, 3, 0, 0, 3, 2, 0, 4, 0, 1, 0, 1, 3, 2, 2, 3, 0, 1, 1, 3, 0, 3, 2, 2, 3, 2, 3, 1, 3, 0, 4, 4, 1, 0, 2, 4, 3, 0, 2, 1, 2, 1, 2, 2, 1, 0, 4, 0, 3, 3, 1, 3, 2, 1, 4, 3, 0, 0, 4, 1, 2, 0, 0, 2, 4, 2, 2, 4, 4, 1, 3, 1, 3, 1, 2, 4, 3, 2, 0, 4, 1, 1, 2, 2, 3, 4, 0, 0, 4, 1, 2, 4, 3, 4, 3, 1, 3, 3, 0, 3, 3, 1, 4, 0, 1, 2, 4, 2, 0, 2, 2, 3, 4, 1, 0, 1, 2, 3, 3, 3, 4, 3, 0, 3, 1, 1, 3, 4, 4, 0, 2, 1, 4, 0, 0, 1)
    5. Because gen is not defined in the scope of the function.

Step 3:
    1. See sheet.
    2. We get about 10/2 elements. This gives us confidence because we expect, on average that half of all random numbers from 0 to 200 are going to be greater than 100.
    3. See sheet
    4. List(122, 111, 118, 163, 109)
    5. Because n is a free variable.

Step 4:
    1. It is 3.
    2. Parenthesis on the left vs parenthesis on the right.
    3. Reduce left.
    4. See sheet.